2.4836 0.343892 -2.35021 2.58333 2.46783  
2.4836 0.343892 -2.35021 2.58333 2.46783  
2.4836 0.343892 -2.35021 2.58333 2.46783  
2.4836 0.343892 -2.35021 2.58333 2.46783  
2.4836 0.343892 -2.35021 2.58333 2.46783  
2.4836 0.343892 -2.35021 2.58333 2.46783  
2.4836 0.343892 -2.35021 2.58333 2.46783  
2.4836 0.343892 -2.35021 2.58333 2.46783  
2.4836 0.343892 -2.35021 2.58333 2.46783  
2.94961 1.35263 -2.59181 0 0  
4.72251 0.477417 -0.328788 0.560078 4.11852  
4.72251 0.477417 -0.328788 0.560078 4.11852  
2.0486 2.14755 -0.96728 2.9874 4.30746  
0.821329 1.25613 -3.76826 3.38793 2.29414  
2.94961 1.35263 -2.59181 0 0  
2.94961 1.35263 -2.59181 0 0  
